%0012 0.775 2.05 9,9e6
EXPup = [0.000 1.090 0.980 0.169
0.050 -0.634 0.491 1.061
0.075 -0.805 0.443 1.145
0.100 -0.878 0.422 1.182 
0.150 -0.975 0.395 1.233
0.200 -1.067 0.359 1.284 
0.250 -1.089 0.362 1.297
0.300 -1.136 0.349 1.325
0.400 -1.174 0.338 1.347
0.450 -1.182 0.336 1.352
0.500 -0.608 0.499 1.049
0.550 -0.497 0.530 0.997
0.600 -0.364 0.568 0.937 
0.650 -0.246 0.601 0.884
0.700 -0.149 0.629 0.842 
0.750 -0.082 0.648 0.813 
0.800 -0.034 0.662 0.792
0.850 0.016 0.676 0.770 
0.900 0.061 0.688 0.750
0.930 0.092 0.697 0.737
0.950 0.123 0.706 0.723
0.980 0.160 0.76 0.707
1.000 0.212 0.731 0.684];   

EXPlo = [0.025 0.212 0.731 0.684
0.050 -0.036 0.661 0.793
0.100 -0.295 0.587 0.906
0.200 -0.466 0.539 0.982
0.300 -0.478 0.536 0.988
0.400 -0.390 0.561 0.948
0.500 -0.320 0.580 0.917
0.600 -0.242 0.603 0.882
0.700 -0.164 0.625 0.848
0.800 -0.074 0.650 0.809
0.850 -0.023 0.565 0.787
0.900 0.03 0.681 0.762
0.930 0.065 0.690 0.748
0.950 0.101 0.700 0.733];